4646242
4581662
4537793
3976724
3896690
3740156
3703353
3695999
3691383
3691154
3626025
3530580
3423774
3393843
3384936
3380328
3369474
3348513
3231489
3207210
3202184
3143606
3097220
3073975
3046991
3044625
3029745
2976819
2964747
2963238
2961632
2944554
2944087
2941508
2941205
2923435
2870036
2862981
2854020
2832656
2802022
2800437
2783078
2758701
2753816
2722991
2709467
2707377
2696912
2634742
2624534
2620542
2617064
2607181
2591159
2561067
2554921
2526702
2523958
2522842
2519524
2491351
2490941
2467430
2442819
2435868
2416420
2392637
2383715
2380280
2330952
2286331
2269138
2244886
2235797
2229712
2213294
2210478
2204502
2198799
2192532
2190515
2186790
2170427
2166950
2165889
2144991
2143244
2130067
2121440
2119282
2104133
2103756
2094967
2091202
2082290
2066205
2062173
2058045
2047671
2042737
2037573
2027264
2025762
2018545
2015797
2000884
1999934
1985489
1979504
1976453
1974628
1968090
1955536
1940772
1925114
1922940
1906703
1885170
1884408
1870164
1865737
1857521
1854750
1853769
1852373
1838156
1837282
1818896
1811567
1796758
1791948
1791575
1765859
1761904
1756724
1754563
1751645
1751044
1739877
1729845
1727264
1711500
1705878
1703487
1701428
1694271
1691997
1688587
1684754
1679546
1677555
1676248
1675642
1665502
1664609
1650514
1649689
1648908
1645831
1639132
1630737
1624826
1622486
1618501
1611427
1607506
1603600
1602914
1599196
1596246
1589805
1581468
1577144
1574765
1572473
1567491
1567450
1565167
1560819
1559644
1554998
1551318
1551012
1537389
1522969
1520499
1506030
1504011
1500109
1498330
1489471
1478683
1471951
1469012
1457913
1453804
1447510
1447153
1436763
1435443
1427257
1419603
1417171
1411776
1408193
1402090
1401837
1389026
1384713
1383616
1383338
1381781
1380401
1372900
1368985
1368875
1362940
1355569
1349424
1344048
1341372
1336446
1333849
1333223
1331618
1329042
1325148
1317135
1316930
1315625
1311214
1309916
1309600
1302797
1292393
1292299
1290126
1280194
1267181
1264813
1263863
1255849
1254363
1253308
1232891
1224963
1206552
1200755
1192746
1104017
1086757
1046490
1013819
974732
973371
960328
944497
901653
875712
748836
738616
167669
