Cell	Population	TotalReads	UniqueMap	MulitMap	UnMap	UnMap_per	htseq__alignment_not_unique	htseq__ambiguous	htseq__no_feature	htseq__not_aligned	htseq__too_low_aQual
C208_MEP_neg	Runx1_MEP_neg	899733	658890	95908	144935	16.1086677936677	264142	178538	58404	0	0
C209_MEP_neg	Runx1_MEP_neg	780310	583382	89381	107547	13.7825992233856	241264	127735	36533	0	0
C210_MEP_neg	Runx1_MEP_neg	870602	649726	98379	122497	14.0703788872527	266867	146150	41919	0	0
C211_MEP_neg	Runx1_MEP_neg	1035910	786595	112163	137152	13.2397602108291	297436	166456	40792	0	0
C212_MEP_neg	Runx1_MEP_neg	1355987	1012228	146467	197292	14.5496970103696	395723	239010	58752	0	0
C213_MEP_neg	Runx1_MEP_neg	1746924	1286118	168251	292555	16.7468647748843	454965	325946	119388	0	0
C214_MEP_neg	Runx1_MEP_neg	1350041	992644	146587	210810	15.6150813197525	392865	226646	64054	0	0
C215_MEP_neg	Runx1_MEP_neg	1386143	1042439	148537	195167	14.0798604472987	397398	232119	64898	0	0
C216_MEP_neg	Runx1_MEP_neg	1123449	822349	129666	171434	15.2596157012913	357607	179417	61236	0	0
C217_MEP_neg	Runx1_MEP_neg	759236	562525	83879	112832	14.8612552618685	226408	119227	35155	0	0
C218_MEP_neg	Runx1_MEP_neg	925809	677641	109639	138529	14.9630215303589	300127	133789	45269	0	0
C219_MEP_neg	Runx1_MEP_neg	727757	543657	82322	101778	13.9851626298339	221219	104824	29391	0	0
C220_MEP_neg	Runx1_MEP_neg	1026019	715098	123671	187250	18.2501493637057	341422	136436	56256	0	0
C221_MEP_neg	Runx1_MEP_neg	1052015	746318	132700	172997	16.4443472764172	363961	125833	57206	0	0
C222_MEP_neg	Runx1_MEP_neg	968617	692111	123055	153451	15.8422782172933	345819	115069	46346	0	0
C223_MEP_neg	Runx1_MEP_neg	1254946	950910	140199	163837	13.0553027779681	370849	232262	53103	0	0
C224_MEP_neg	Runx1_MEP_neg	1220460	924175	133112	163173	13.3697949953296	359939	193748	44304	0	0
C225_MEP_neg	Runx1_MEP_neg	1526977	1144108	154955	227914	14.9258305789806	416867	279656	83140	0	0
C226_MEP_neg	Runx1_MEP_neg	1887301	1400993	178332	307976	16.3183297205904	481669	405817	125757	0	0
C227_MEP_neg	Runx1_MEP_neg	1524897	1128354	150990	245553	16.1029236728776	410731	316073	103737	0	0
C228_MEP_neg	Runx1_MEP_neg	1222899	903638	129956	189305	15.4800192002774	352710	228135	80250	0	0
C229_MEP_neg	Runx1_MEP_neg	896158	664580	100971	130607	14.5741041200324	269405	143064	37709	0	0
C230_MEP_neg	Runx1_MEP_neg	1161397	868132	126345	166920	14.3723464069564	337937	190204	58957	0	0
C231_MEP_neg	Runx1_MEP_neg	788057	582380	87922	117755	14.9424470564946	234215	122962	35313	0	0
C232_MEP_neg	Runx1_MEP_neg	1366549	1015729	142866	207954	15.2174565273547	379493	265892	77674	0	0
C233_MEP_neg	Runx1_MEP_neg	913541	682846	94462	136233	14.9126311791151	256783	166147	65593	0	0
C234_MEP_neg	Runx1_MEP_neg	1114453	846822	121255	146376	13.1343358580398	322416	187391	46721	0	0
C235_MEP_neg	Runx1_MEP_neg	918646	688902	103315	126429	13.7625374736297	277306	133503	33400	0	0
C236_MEP_neg	Runx1_MEP_neg	1101412	821086	113279	167047	15.1666224809608	305020	200388	58570	0	0
C237_MEP_neg	Runx1_MEP_neg	1634414	1219388	180396	234630	14.3556039045187	477754	260928	58994	0	0
C238_MEP_neg	Runx1_MEP_neg	1409256	1037514	152467	219275	15.5596286267364	409859	259780	64837	0	0
C239_MEP_neg	Runx1_MEP_neg	1025813	763400	102447	159966	15.5940702642684	275459	207722	58105	0	0
C240_MEP_neg	Runx1_MEP_neg	976650	715596	104701	156353	16.0091127834946	283829	165499	50213	0	0
C241_MEP_neg	Runx1_MEP_neg	1388734	1038380	137127	213227	15.3540562843568	364617	263857	82316	0	0
C242_MEP_neg	Runx1_MEP_neg	771090	573218	82553	115319	14.9553229843468	221492	141342	40335	0	0
C243_MEP_neg	Runx1_MEP_neg	844693	637102	94303	113288	13.4117365717486	247596	128282	33683	0	0
C244_MEP_neg	Runx1_MEP_neg	571806	415632	66131	90043	15.7471240245818	181295	88706	28276	0	0
C245_MEP_neg	Runx1_MEP_neg	699579	526567	79065	93947	13.4290766303734	210723	110679	30077	0	0
C246_MEP_neg	Runx1_MEP_neg	830173	623501	92037	114635	13.808567611811	251327	145680	41210	0	0
C247_MEP_neg	Runx1_MEP_neg	808879	594289	90862	123728	15.2962309566697	247978	132579	43412	0	0
C248_MEP_neg	Runx1_MEP_neg	761940	553904	82799	125237	16.4365960574323	223593	127021	41417	0	0
C249_MEP_neg	Runx1_MEP_neg	1068618	787610	111737	169271	15.8401786232311	302744	184920	51091	0	0
C250_MEP_neg	Runx1_MEP_neg	1401285	1043177	148915	209193	14.9286547704428	397102	260423	62132	0	0
C251_MEP_neg	Runx1_MEP_neg	106960	49886	185	56889	53.1871727748691	559	12	287	0	0
C252_MEP_neg	Runx1_MEP_neg	1364400	1037128	137152	190120	13.9343301084726	366829	257116	74192	0	0
C253_MEP_neg	Runx1_MEP_neg	930745	698281	102423	130041	13.9717108337944	271531	165970	43815	0	0
C254_MEP_neg	Runx1_MEP_neg	882144	667630	86595	127919	14.5009204846374	232276	188112	68170	0	0
C255_MEP_neg	Runx1_MEP_neg	979411	717583	105582	156246	15.9530575008857	284041	166095	55872	0	0
C256_MEP_neg	Runx1_MEP_neg	850986	641111	88703	121172	14.2390121576618	236173	157637	41099	0	0
C257_MEP_neg	Runx1_MEP_neg	1099284	835124	118675	145485	13.2345235626098	313176	176604	51929	0	0
C258_MEP_neg	Runx1_MEP_neg	657226	498013	71662	87551	13.3212928277335	189833	124745	31137	0	0
C259_MEP_neg	Runx1_MEP_neg	890668	677289	96950	116429	13.072098694463	257229	152067	41557	0	0
C260_MEP_neg	Runx1_MEP_neg	902126	675392	95410	131324	14.5571682891303	255047	161945	43470	0	0
C261_MEP_neg	Runx1_MEP_neg	984849	735352	106606	142891	14.5089247184086	286835	157909	39024	0	0
C262_MEP_neg	Runx1_MEP_neg	1224809	908608	122249	193952	15.835285338367	336900	236296	80661	0	0
C263_MEP_neg	Runx1_MEP_neg	1133763	861752	120012	151999	13.4065937942939	316917	196525	45666	0	0
C264_MEP_neg	Runx1_MEP_neg	903709	678306	100561	124842	13.8144026450993	270724	161209	39135	0	0
C265_MEP_pos	Runx1_MEP_pos	1366006	1012543	137729	215734	15.7930492252596	368263	267990	67038	0	0
C266_MEP_pos	Runx1_MEP_pos	1203554	893751	118055	191748	15.9318152737642	317568	255912	75391	0	0
C267_MEP_pos	Runx1_MEP_pos	1534515	1145957	138727	249831	16.2807792690199	366407	380022	130222	0	0
C268_MEP_pos	Runx1_MEP_pos	1346838	989939	136036	220863	16.3986314612448	365709	263209	80836	0	0
C269_MEP_pos	Runx1_MEP_pos	1302829	983319	127658	191852	14.7258005463495	341593	259823	78059	0	0
C270_MEP_pos	Runx1_MEP_pos	1104540	818967	103386	182187	16.4943777500136	277392	237053	87632	0	0
C271_MEP_pos	Runx1_MEP_pos	1178343	874901	123735	179707	15.2508225533652	333933	222496	61236	0	0
C272_MEP_pos	Runx1_MEP_pos	1579149	1146259	152223	280667	17.7733070153608	410723	278332	89947	0	0
C273_MEP_pos	Runx1_MEP_pos	2411717	1790777	224344	396596	16.4445496714581	591899	461235	144176	0	0
C274_MEP_pos	Runx1_MEP_pos	2158324	1599162	219926	339236	15.7175660373512	590945	401559	128198	0	0
C275_MEP_pos	Runx1_MEP_pos	1905751	1426603	191690	287458	15.0837124052408	503513	383702	97497	0	0
C276_MEP_pos	Runx1_MEP_pos	2546173	1905414	244170	396589	15.5758858490762	651301	505456	132619	0	0
C277_MEP_pos	Runx1_MEP_pos	937073	708731	97057	131285	14.0101144734722	254195	185858	45367	0	0
C278_MEP_pos	Runx1_MEP_pos	968869	745742	91027	132100	13.6344541934978	246171	195155	63304	0	0
C279_MEP_pos	Runx1_MEP_pos	960990	717289	95482	148219	15.4235736063851	253875	206475	61458	0	0
C280_MEP_pos	Runx1_MEP_pos	1216383	900664	118668	197051	16.1997495854513	316620	258638	91908	0	0
C281_MEP_pos	Runx1_MEP_pos	748640	537204	74547	136889	18.2850235092969	200800	144608	52517	0	0
C282_MEP_pos	Runx1_MEP_pos	1224470	937272	118800	168398	13.752725669065	310651	273646	82369	0	0
C283_MEP_pos	Runx1_MEP_pos	1380275	1048862	139154	192259	13.9290358805311	368347	287652	72855	0	0
C284_MEP_pos	Runx1_MEP_pos	1841518	1371224	181212	289082	15.6980273882742	481944	398004	103785	0	0
C285_MEP_pos	Runx1_MEP_pos	2129226	1578597	199900	350729	16.4721358841194	536545	496051	139077	0	0
C286_MEP_pos	Runx1_MEP_pos	1807833	1342506	166504	298823	16.5293475669489	452042	404074	117633	0	0
C287_MEP_pos	Runx1_MEP_pos	1443990	1092792	141935	209263	14.4919978670212	375312	277077	75172	0	0
C288_MEP_pos	Runx1_MEP_pos	2426658	1813553	240085	373020	15.3717581958397	643982	413163	230693	0	0
C289_MEP_pos	Runx1_MEP_pos	1585548	1172918	155771	256859	16.2000141276076	409725	275759	81676	0	0
C290_MEP_pos	Runx1_MEP_pos	911172	679948	95612	135612	14.8832492657808	254164	172864	49620	0	0
C291_MEP_pos	Runx1_MEP_pos	746927	467039	71596	208292	27.8865270635551	195073	97168	48126	0	0
C292_MEP_pos	Runx1_MEP_pos	1468992	1097868	132027	239097	16.2762629068096	353986	347091	104964	0	0
C293_MEP_pos	Runx1_MEP_pos	850538	604827	73281	172430	20.2730507043777	203112	146141	104294	0	0
C294_MEP_pos	Runx1_MEP_pos	1236138	922593	127157	186388	15.07825178095	342395	244942	71688	0	0
C295_MEP_pos	Runx1_MEP_pos	1198165	873575	128548	196042	16.3618533340567	344189	235148	58046	0	0
C296_MEP_pos	Runx1_MEP_pos	1616390	1231565	155006	229819	14.2180414380193	411672	306089	96492	0	0
C297_MEP_pos	Runx1_MEP_pos	2187194	1632292	209979	344923	15.7701145851717	559658	431698	108707	0	0
C298_MEP_pos	Runx1_MEP_pos	1411603	1034539	143101	233963	16.5742776120481	388407	289771	78818	0	0
C299_MEP_pos	Runx1_MEP_pos	1165233	833740	110905	220588	18.9308061134554	300403	224875	66818	0	0
C300_MEP_pos	Runx1_MEP_pos	1986497	1465316	190257	330924	16.6586710173738	512885	404502	99526	0	0
C301_MEP_pos	Runx1_MEP_pos	669943	502076	70542	97325	14.5273553123176	188728	130595	34338	0	0
C302_MEP_pos	Runx1_MEP_pos	976096	734858	91205	150033	15.3707217322886	245699	231829	85309	0	0
C303_MEP_pos	Runx1_MEP_pos	1115096	838180	111541	165375	14.8305616736138	296289	232246	63007	0	0
C304_MEP_pos	Runx1_MEP_pos	625398	455616	65444	104338	16.683455975235	172617	112555	32446	0	0
C305_MEP_pos	Runx1_MEP_pos	815097	621015	80725	113357	13.9071791455495	212345	173421	45944	0	0
C306_MEP_pos	Runx1_MEP_pos	950639	712517	98952	139170	14.6396266090493	271369	163931	73838	0	0
C307_MEP_pos	Runx1_MEP_pos	1005639	761682	104797	139160	13.8379677001389	276718	196542	59236	0	0
C308_MEP_pos	Runx1_MEP_pos	1120793	844963	112842	162988	14.5422036004864	306213	212124	68330	0	0
C309_MEP_pos	Runx1_MEP_pos	2023909	1497257	201340	325312	16.0734499426605	547238	405319	111195	0	0
C310_MEP_pos	Runx1_MEP_pos	1451348	1077714	144436	229198	15.7920774342198	394092	303636	91770	0	0
C311_MEP_pos	Runx1_MEP_pos	1497941	1134097	152191	211653	14.129595224378	402783	311369	72899	0	0
C312_MEP_pos	Runx1_MEP_pos	2255759	1710576	239292	305891	13.5604468385142	623445	385561	117309	0	0
C313_CMP_low	Runx1_CMP_low	1519978	1092371	139498	288109	18.9548138196737	383405	307908	133180	0	0
C314_CMP_low	Runx1_CMP_low	1584129	1209930	158143	216056	13.6387882552494	405538	300865	91326	0	0
C315_CMP_low	Runx1_CMP_low	1343299	1016871	124888	201540	15.0033611280884	325239	287564	81830	0	0
C316_CMP_low	Runx1_CMP_low	1620711	1189486	152500	278725	17.1976990345595	404848	314248	117538	0	0
C317_CMP_low	Runx1_CMP_low	1198081	904481	109104	184496	15.3992927022463	292060	229380	91480	0	0
C318_CMP_low	Runx1_CMP_low	1205542	912512	115407	177623	14.7338707402977	305887	233311	85838	0	0
C319_CMP_low	Runx1_CMP_low	1422901	1053742	133743	235416	16.5447912398684	369113	310970	122651	0	0
C320_CMP_low	Runx1_CMP_low	1815071	1406779	182465	225827	12.4417722502315	467252	264612	101739	0	0
C321_CMP_low	Runx1_CMP_low	2146267	1597973	191935	356359	16.603665806724	521361	409837	147676	0	0
C322_CMP_low	Runx1_CMP_low	2216878	1684112	211065	321701	14.511443570643	557804	475701	121908	0	0
C323_CMP_low	Runx1_CMP_low	1637458	1203761	157190	276507	16.886356779838	427652	328401	110978	0	0
C324_CMP_low	Runx1_CMP_low	2415133	1811236	231151	372746	15.4337670016517	620105	492791	134573	0	0
C325_CMP_low	Runx1_CMP_low	733997	557218	74821	101958	13.890792469179	195147	168008	48800	0	0
C326_CMP_low	Runx1_CMP_low	648602	501460	70033	77109	11.8884924807509	185095	87385	49679	0	0
C327_CMP_low	Runx1_CMP_low	886383	672095	84235	130053	14.6723256199634	221346	202714	68143	0	0
C328_CMP_low	Runx1_CMP_low	854926	647628	87154	120144	14.053146120249	230642	187870	58731	0	0
C329_CMP_low	Runx1_CMP_low	922543	690486	89381	142676	15.4655121766682	239876	194980	60213	0	0
C330_CMP_low	Runx1_CMP_low	770401	594358	84602	91441	11.8692732745674	221105	112626	51122	0	0
C331_CMP_low	Runx1_CMP_low	1161516	863916	143018	154582	13.3086414651197	383740	170692	36831	0	0
C332_CMP_low	Runx1_CMP_low	1172130	915525	119707	136898	11.6794212246082	305461	207098	60739	0	0
C333_CMP_low	Runx1_CMP_low	1407914	1071025	144388	192501	13.672781149985	371813	286632	81063	0	0
C334_CMP_low	Runx1_CMP_low	1272987	963356	125804	183827	14.4406030854989	330476	284333	69931	0	0
C335_CMP_low	Runx1_CMP_low	1336574	1025667	132604	178303	13.3403013974535	353263	287085	78889	0	0
C336_CMP_low	Runx1_CMP_low	2128531	1600445	217851	310235	14.5750754863331	579552	415113	100250	0	0
C337_CMP_low	Runx1_CMP_low	1146451	872937	117544	155970	13.6045936546787	311142	244875	65241	0	0
C338_CMP_low	Runx1_CMP_low	1519666	1179957	153839	185870	12.2309770699614	403317	266166	142419	0	0
C339_CMP_low	Runx1_CMP_low	1574584	1193959	183572	197053	12.5146070327147	482648	222018	77464	0	0
C340_CMP_high	Runx1_CMP_high	1645602	1260027	156764	228811	13.9043948658303	401687	365936	103208	0	0
C341_CMP_high	Runx1_CMP_high	1075525	827371	108551	139603	12.979986518212	282038	269763	58754	0	0
C342_CMP_high	Runx1_CMP_high	965936	740193	98700	127043	13.1523206506435	259433	229851	51831	0	0
C343_CMP_high	Runx1_CMP_high	1197790	920595	126162	151033	12.6093054709089	327697	220117	63454	0	0
C344_CMP_high	Runx1_CMP_high	1486848	1125365	154056	207427	13.9507871685606	407463	296575	82921	0	0
C345_CMP_high	Runx1_CMP_high	2480859	1880830	254479	345550	13.9286432642887	664564	508129	99391	0	0
C346_CMP_high	Runx1_CMP_high	2153551	1622043	219616	311892	14.4826846450351	569274	450771	104373	0	0
C347_CMP_high	Runx1_CMP_high	1552313	1181541	155421	215351	13.8729109399973	401441	308786	84355	0	0
C348_CMP_high	Runx1_CMP_high	2827426	2105943	333876	387607	13.708829161223	884827	467437	74553	0	0
C349_CMP_high	Runx1_CMP_high	1823992	1400031	185426	238535	13.0776341124303	489330	328858	92572	0	0
C350_CMP_high	Runx1_CMP_high	1558243	1188312	175438	194493	12.4815577544709	458507	316913	61924	0	0
C351_CMP_high	Runx1_CMP_high	1133596	857613	114691	161292	14.2283494296028	294963	262450	64687	0	0
C352_CMP_high	Runx1_CMP_high	804949	598821	81277	124851	15.5104236417462	209154	161667	43860	0	0
C353_CMP_high	Runx1_CMP_high	1302952	1009549	136399	157004	12.0498682990624	350529	258487	62740	0	0
C354_CMP_high	Runx1_CMP_high	1704812	1340178	168739	195895	11.4907098260688	431256	365419	88938	0	0
C355_CMP_high	Runx1_CMP_high	1553923	1186756	155017	212150	13.6525426292036	400483	392528	85273	0	0
C356_CMP_high	Runx1_CMP_high	1896499	1453525	201059	241915	12.7558727950819	523907	357332	84938	0	0
C357_CMP_high	Runx1_CMP_high	2587409	1939246	262034	386129	14.9233847451253	696501	533911	130090	0	0
C358_CMP_high	Runx1_CMP_high	2380547	1794718	246376	339453	14.2594538146065	654756	410115	172158	0	0
C359_CMP_high	Runx1_CMP_high	1507953	1153367	143580	211006	13.992876435804	365393	328077	86360	0	0
C360_CMP_high	Runx1_CMP_high	2149760	1614441	214616	320703	14.9180838791307	563146	415045	95145	0	0
C361_CMP_high	Runx1_CMP_high	1732394	1321073	171073	240248	13.8679769151821	434167	385376	103783	0	0
C362_CMP_high	Runx1_CMP_high	1571605	1173238	141778	256589	16.3265578819105	367452	351115	96648	0	0
C363_CMP_high	Runx1_CMP_high	2006659	1510659	201190	294810	14.6915843698406	526950	446112	111441	0	0
C364_CMP_high	Runx1_CMP_high	1784002	1349666	174522	259814	14.5635486955732	454111	357493	90420	0	0
C365_CMP_high	Runx1_CMP_high	1018617	767141	113143	138333	13.5804723463284	295688	199028	38262	0	0
C366_CMP_high	Runx1_CMP_high	1526313	1141130	152639	232544	15.2356692238093	402397	315270	101233	0	0
C367_CMP_high	Runx1_CMP_high	2181809	1622374	232327	327108	14.9925130934926	609926	374867	72255	0	0
C368_CMP_high	Runx1_CMP_high	2373757	1829370	229061	315326	13.2838365510876	588873	463621	119731	0	0
C369_CMP_high	Runx1_CMP_high	2479068	1868489	234934	375645	15.1526702777011	616812	661290	135895	0	0
C370_CMP_high	Runx1_CMP_high	1998559	1500881	222443	275235	13.7716724900291	594597	267038	67735	0	0
C371_CMP_high	Runx1_CMP_high	751118	315015	1902	434201	57.8072952585346	5553	225	2822	0	0
C372_CMP_high	Runx1_CMP_high	2704901	2072456	263289	369156	13.6476713935187	675548	467000	132675	0	0
C373_CMP_high	Runx1_CMP_high	1315182	1026279	133373	155530	11.8257397075082	346346	293033	69043	0	0
C374_CMP_high	Runx1_CMP_high	1303479	1007050	138835	157594	12.0902599888452	366065	257147	69454	0	0
C375_CMP_high	Runx1_CMP_high	1281536	994821	134899	151816	11.8464093088294	350967	262430	53350	0	0
C376_CMP_high	Runx1_CMP_high	1510098	1169256	152003	188839	12.5050824516025	393593	286744	74337	0	0
C377_CMP_high	Runx1_CMP_high	1102436	858130	115974	128332	11.6407664481203	308209	171881	84648	0	0
C378_CMP_high	Runx1_CMP_high	1353284	1046912	140265	166107	12.2743636960165	364588	319751	67327	0	0
C379_CMP_high	Runx1_CMP_high	2145385	1646761	225423	273201	12.7343577026967	589563	424265	110185	0	0
C380_CMP_high	Runx1_CMP_high	1620722	1250361	177619	192742	11.8923541483364	470507	299871	79899	0	0
C381_CMP_high	Runx1_CMP_high	1815028	1359119	233511	222398	12.2531443041099	622834	276553	37672	0	0
C382_CMP_high	Runx1_CMP_high	1722365	1304917	179913	237535	13.7912115027883	469956	272842	106403	0	0
